10,85
10,221
10,161
10,245
10,169
10,25
10,241
10,127
10,2
10,3
9,7
9,2
9,3
8,5
8,6
8,17
8,16
54,3
54,1
53,5
53,3
53,1
50,3
50,1
49,4
49,3
49,2
49,1
47,4
47,3
47,2
47,1
42,4
42,3
42,1
20,3
20,2
20,1
19,3
19,2
19,1
12,3
12,2
12,1
11,29
11,28
11,27
11,26
11,25
11,24
11,23
11,22
11,21
11,20
11,19
11,18
11,17
11,16
11,15
11,14
11,13
11,12
11,11
11,10
11,9
11,8
11,7
11,6
11,5
11,4
11,3
11,2
11,1
18,1
10,313
10,309
10,307
10,297
10,296
18,3
10,294
10,292
10,289
10,286
14,1
10,285
10,284
10,282
10,281
10,279
14,3
13,1
10,277
10,275
10,274
10,271
10,270
13,3
10,268
10,266
10,264
10,263
10,261
10,257
10,255
